11962683501
12232314957
11962699853
11963748717
11962814797
11963863149
4180206058
4179149290
4179124730
4178100730
9329224232
9262115368
9262115497
3512276212
3511751908
3513849061
10352089200
10352087154
10419199088
2585309212
2585309214
2585309214
2585309212
10654091541
10620537109
10654091700
10620537141
10620537140
10620537236
4009784240
4009767856
3976213424
3976229808
3976229808
3976229808
11560076717
11560141741
11560075701
11560076197
11560141221
1963541283
1963541035
1967735603
26734556631
26734548951
26734557143
26734557143
26734557143
26734557142
12534317180
12534317180
12534407548
12534391164
45653510416
45651413296
45651413008
45651414320
45651413264
45653510416
46056164368
11560045489
11560045489
11560045489
11560176545
11560045481
9412547252
9412547220
9412547236
3407196025
3407196017
3407195985
3407195985
3407195513
64233755879
64233784422
64234276199
64234312934
64233751781
64234280421
27464319566
27464319596
27464319596
27464319566
27464319598
10486310379
10487349737
10487358953
27604903018
27606479982
27604903022
27603854458
27602805886
10422996487
10422996503
10422996486
10422996502
10422995990
33168639631
33168639663
33169294991
2824398938
2823874682
2823874650
2823874682
2823874682
2824398938
2824398962
11023243412
11023243412
11023243412
11031632020
11023243412
43772398383
43772299821
43776592431
43772300071
43772398375
43772299813
9265743992
9265743992
9265743992
9333901432
3894520750
3911297954
3894520750
3894520748
3894520749
8779927782
8763150566
8763150438
8763150374
8763150502
10780935265
10780935265
10780943457
10780943465
10780935265
10422993321
10418672009
10418667913
10890004044
10888939084
11963810147
12231197026
11962696035
11963810155
11962695779
11962696043
707268272
707290800
707276464
707266224
707274416
707266224
9602390752
9359071840
9350683232
9342294624
9342294624
11997311082
11997312106
11999670378
11999409258
11997312106
44577610122
44577605898
44577605914
44578724250
44578658714
44577610138
44749843364
44745648548
44746468260
44745419172
11458879586
11462041699
11460977250
11462044259
11460976738
11458879590
11460995175
28051513887
28051513887
45785653857
45785653985
9265218093
9265218089
9265218089
9265349165
9265349165
9265386025
9265218093
1946768483
1678333039
1678333027
1678333031
1678464111
3732985210
3732985210
3732985466
3732985722
3732984954
3732984954
18996618840
18996618840
18996552792
18996552792
18996618840
18996552792
18996553304
44750640112
44750639856
44750902224
44750902000
44750639824
28240857155
28236662851
28236662851
28236662851
10452794020
10452793764
10452793508
10453186724
10453187236
11408507106
11425284322
11408525538
11711561826
2617266400
2617266416
2617528496
2617266416
2617266336
3892843700
3909629108
3892843700
3892851892
3892851892
3959952564
10402427240
10402427240
10402427248
43708913832
43708928170
43708911784
43708946600
43708913832
43708928170
11408538128
11409062162
11408538384
11408535570
10021048444
10021836540
10020782844
10021831420
10020782716
10020787324
3123364958
3123217950
3123217950
3123348574
3123234334
3123218014
3123217438
12604831188
12583466452
12583859668
12583597332
12096967104
12096968128
12098016706
12299342274
12098017218
3919074922
3909637706
3910751850
3910227530
3909113450
12499108995
12499043475
12502254723
12499043475
26793222254
26793222255
26793222766
26802659951
11141691742
11152177246
11143920478
11252972126
3918558312
3918560332
3918558280
3918558312
3918558281
3918560364
12517384424
12517384288
12521578600
12517384416
12525773032
29942162795
29942097259
29958940011
55249537900
55182429036
55182437228
55182429036
55182437228
55182429036
55182429036
11560065929
11560065993
11561114505
11560065993
11560065993
11560065929
29410984258
29410984274
29410992448
3372350986
3372350986
3372349962
3373398538
3373399562
3372349962
3372349962
53647393386
53647393387
53647393643
10284455689
10284455689
10285242121
10284717833
10284980009
64406279276
64402068588
64402068588
64406279276
64402084972
64406262892
64402084972
11962758619
11962750202
11962750202
11962758395
11962750427
11962758651
11781413243
11781413247
11798224243
11781446015
11781414259
11781414259
11997594746
11997336699
45921954561
45919988489
45919988481
45921954569
11677992164
11677991108
11677992132
11460007119
11459974350
11459974343
11459974342
11459974223
11464201415
45382949353
45382949737
45382950249
45382950889
45382950889
26248012396
26266886764
26785931884
26248012332
28085114980
28085114980
28085123172
28085115492
12102270159
12102171855
12169592783
12102153931
12102434251
12102153679
10221539432
10217411688
10284453992
26776445730
26776446755
26776446754
26776445794
26776446819
11118766634
11118766632
11119028778
11118767912
11252984362
11119028794
11118766890
3775336818
3876032626
3775336818
3775336822
3775336818
3775336822
12583727362
12583858434
12583727362
12585955587
12585824514
12583727360
12583858432
11459974214
11459973186
11459974210
11460244550
67069153474
67069161666
67069153474
67069153474
67069153986
67069153346
67069153986
2819668016
2819668144
2819668144
11442745398
11443796022
11442747446
11443793974
11442745398
11443796022
11442747446
44812483327
44812483575
44816677886
19270735152
19270743344
19270735136
19270735136
10353663418
10351574527
10351566331
10351607226
28942827621
28940730477
28940731501
28940730469
28940730469
10923569266
10923700346
10923569275
10923569275
2317003146
2317006986
2317002890
2585438602
10418737194
10418868334
10418737322
10418876655
14992671554
14992671042
14992998722
14992998722
14992671554
14992736578
10391935220
10391935188
10391935188
10391935220
10391935188
26663785057
26663784677
26663784801
Part 1 answer: 7477696999511
